lambda mu estP0 estPn estQ estA estK expP0 expPn expQ expA expK
0,001 0,8825050272910084 0,0002872737719046251 0,9997127262280954 0,0009997127262280955 0,12496409077851194 0,8618898138398268 0 1 0,000993384062146107 0,13811018616017326 
0,004 0,6075949367088608 0,012658227848101266 0,9873417721518988 0,003949367088607595 0,49367088607594933 0,4703352741941622 0 1 0,0038056094683563573 0,5296647258058378 
0,007 0,42203599395521363 0,04712185739799423 0,9528781426020058 0,00667014699821404 0,833768374776755 0,1005239666213856 0 1 0,006468723720809884 0,8994760333786144 
0,01 0,2979053529868115 0,0969743987587277 0,9030256012412723 0,009030256012412722 1,1287820015515904 0 0 1 0,009232757824762256 1,2829840273289632 
0,013000000000000001 0,21457009149961587 0,15345393588042192 0,8465460641195781 0,011005098833554517 1,3756373541943145 0 0 1 0,011580775911986103 1,6061378112333526 
0,016 0,15789473684210528 0,2105263157894737 0,7894736842105263 0,01263157894736842 1,5789473684210527 0 0 1 0,012845215157353885 1,7888246628131022 
0,019 0,11865126878065736 0,2649183113823336 0,7350816886176663 0,01396655208373566 1,7458190104669573 0 0 1 0,01597954618088846 2,2209971236816872 
0,022 0,09093061804404451 0,3151787828557897 0,6848212171442103 0,015066066777172626 1,8832583471465782 0 0,01 0,99 0,017350157728706624 2,409218366631616 
0,024999999999999998 0,07095179804605402 0,36087950666327917 0,6391204933367208 0,01597801233341802 1,9972515416772523 0 0,14 0,86 0,017695473251028805 2,5236625514403292 
0,027999999999999997 0,056271981242672936 0,40211019929660025 0,5978898007033997 0,01674091441969519 2,092614302461899 0 0,07 0,93 0,019703389830508476 2,736440677966102 
0,030999999999999996 0,04528902714098275 0,4391944686057997 0,5608055313942003 0,01738497147322021 2,173121434152526 0,00021177467174925878 0,09 0,91 0,01927149512918255 2,6766200762388817 
0,033999999999999996 0,03693373088390883 0,4725401558141771 0,5274598441858229 0,01793363470231798 2,241704337789747 0 0,38 0,62 0,01879927228623408 2,6082474226804124 
0,037 0,030479516613916204 0,5025647640119457 0,4974352359880543 0,018405103731558008 2,300637966444751 0 0,4 0,6 0,01912655403251514 2,66114121772394 
0,04 0,025423728813559324 0,5296610169491526 0,4703389830508474 0,018813559322033897 2,351694915254237 0 0,4 0,6 0,019102196752626553 2,6599808978032473 
0,043000000000000003 0,021412589654763815 0,5541831919535504 0,44581680804644963 0,019170122745997335 2,3962653432496666 0 0,4 0,6 0,019175455417066157 2,6605944391179293 
0,046000000000000006 0,018193016534798875 0,5764438337992135 0,4235561662007865 0,019483583645236183 2,435447955654523 0 0,4 0,6 0,019169329073482427 2,670287539936102 
0,04900000000000001 0,015581174775944527 0,5967153747444982 0,4032846252555018 0,01976094663751959 2,470118329689949 0 0,4 0,6 0,01914486279514997 2,6592214422463307 
0,05200000000000001 0,013441612993559223 0,6152338280593672 0,3847661719406328 0,02000784094091291 2,5009801176141138 0 0,39 0,61 0,019020891799189272 2,620829435609604 
0,055000000000000014 0,011673196107414676 0,6322031257718483 0,36779687422815166 0,020228828082548347 2,5286035103185434 0 0,39 0,61 0,01728534995749504 2,6338906205724 
0,05800000000000002 0,010199474089617248 0,6477994103429042 0,3522005896570958 0,02042763420011156 2,553454275013945 0 0,4 0,6 0,01914486279514997 2,661774090619017 
0,06100000000000002 0,008961990308681044 0,6621749746922962 0,33782502530770375 0,020607326543769934 2,5759158179712416 0 0,4 0,6 0,01914486279514997 2,6595405232929163 
0,06400000000000002 0,007915567282321895 0,6754617414248021 0,3245382585751979 0,020770448548812673 2,596306068601584 0 0,46 0,54 0,019904165130851456 2,7626244010320677 
0,06700000000000002 0,007024941744664403 0,6877742688640953 0,3122257311359047 0,02091912398610562 2,614890498263202 0 0,63 0,37 0,019200830306175403 2,666320705760249 
0,07000000000000002 0,006262333045222521 0,6992123159216557 0,30078768407834433 0,021055137885484108 2,6318922356855134 0,0005367686527106817 0,63 0,37 0,019860440150295224 2,752012882447665 
0,07300000000000002 0,00560566551767554 0,7098630151984336 0,29013698480156636 0,02117999989051435 2,647499986314294 0 0,67 0,33 0,019748653500897665 2,7516457211250747 
0,07600000000000003 0,005037254696190571 0,7198027075243992 0,28019729247560077 0,021294994228145667 2,661874278518208 0 0,65 0,35 0,020734597156398103 2,825829383886256 
0,07900000000000003 0,004542826341886126 0,7290984885342435 0,2709015114657565 0,02140121940579477 2,675152425724346 0 0,67 0,33 0,019446081319976428 2,6599882144961695 
0,08200000000000003 0,004110776872598029 0,7378095125946068 0,2621904874053932 0,02149961996724225 2,6874524959052812 0,0005834305717619603 0,65 0,35 0,020420070011668612 2,661026837806301 
0,08500000000000003 0,003731610702628766 0,7459880933437152 0,2540119066562848 0,021591012065784218 2,698876508223027 0 0,64 0,36 0,021151586368977675 2,7326674500587544 
0,08800000000000004 0,0033975084937712314 0,7536806342015856 0,2463193657984144 0,021676104190260476 2,7095130237825593 0,000585480093676815 0,66 0,34 0,01990632318501171 2,6850117096018735 
0,09100000000000004 0,00310199317197987 0,7609284168626451 0,23907158313735488 0,021755514065499304 2,7194392581874127 0 0,67 0,33 0,020158827122785584 2,7605375687232745 
0,09400000000000004 0,0028396695926109394 0,7677682711292864 0,23223172887071364 0,021829782513847092 2,7287228142308866 0 0,68 0,32 0,019242333132892364 2,660853878532772 
0,09700000000000004 0,002606020144060655 0,7742331454883702 0,2257668545116298 0,0218993848876281 2,7374231109535123 0 0,67 0,33 0,01967799642218247 2,749552772808587 
